Capture started, press Ctrl+C to stop.
Capture completed.
  6    314      0      0      0      0
  7   1230      0    373      0      0
  8   1283      0    346      0      0
  9   2378      0      0      0      0
 10    973      0     11      0      0
 11    271      0      3      0      0
 12     34      0      0      0      0
 13      1      0      0      0      0
 25      0   2028    159      0      0
 26      0   3865    475      0      0
 27      0    591     84      0      0
 28      0      0      5      0      0
 29      0      0      0      0      1
 31      0      0    182      0      0
 32      0      0    814      0      0
 33      0      0    550      0      0
 34      0      0     41      0      0
 54      0      0      0      0    887
 55      0      0      0      0   6146
